1.404647824002769e-06 9.995513347484852e-01 2.995211515939575e-02 5.064556997121650e-01
1.368890477507639e-06 9.984617137912385e-01 5.544552365216664e-02 6.797375324266300e-01
3.452246939929457e-06 9.966154997790581e-01 8.220429185960021e-02 8.474670213814358e-01
1.034370273477067e-06 9.978735541630475e-01 6.517952057209125e-02 5.764507396372675e-01
1.277606687742460e-06 9.992293705422015e-01 3.925130629464222e-02 2.657382282698040e-01
4.528917927208358e-06 9.980557872434462e-01 6.232692475860521e-02 4.754340272290722e-01
5.429019733236434e-07 9.994866101101159e-01 3.203929166803343e-02 4.165504104389657e-01
4.653480857473663e-06 9.964889317334426e-01 8.372460171743089e-02 9.892811220337233e-01
7.311716350379999e-07 9.963383191207179e-01 8.549826812107110e-02 6.990172303401740e-01
2.098485303663517e-06 9.974027504436277e-01 7.202606061340926e-02 7.714592964426918e-01
1.764144969416850e-06 9.996803366563897e-01 2.528288952171995e-02 7.855608341886151e-01
2.244498417403849e-06 9.993178460155031e-01 3.693024011477899e-02 3.189081601590542e-01
1.067158943894610e-06 9.999005299527686e-01 1.410426177339874e-02 5.481315726905802e-01
1.883784287094882e-06 9.979699697009196e-01 6.368625891937550e-02 6.011370574646476e-01
3.082734076303885e-06 9.972538658241377e-01 7.405894340869884e-02 2.517957011317948e-01
5.090532745161927e-07 9.967402937226725e-01 8.067705293105695e-02 6.159568339946977e-01
6.294438558478741e-07 9.989539748665750e-01 4.572697342127818e-02 7.608610803208383e-01
4.754208318820393e-06 9.987494934082071e-01 4.999449386532216e-02 4.134720964057617e-01
2.030229639496012e-06 9.999515467270119e-01 9.843993003683393e-03 8.906710980056343e-01
7.875701444316855e-07 9.968242123247236e-01 7.963347112360682e-02 7.977152825355929e-01
1.194596075550095e-06 9.993514377430428e-01 3.600977479675713e-02 3.258270782514375e-01
6.723315857219799e-07 9.999185447582569e-01 1.276337919712967e-02 4.820304247595575e-01
8.184292611507026e-07 9.968886188385062e-01 7.882310340411332e-02 3.607035409652511e-01
7.942540266875954e-07 9.979779991997232e-01 6.356031083402107e-02 8.375152336620799e-01
9.540611395130117e-07 9.973181607898284e-01 7.318801922988571e-02 8.037544309429698e-01
7.190484588318571e-07 9.998473868228930e-01 1.747006191838749e-02 4.289376263076690e-01
1.009585932660098e-06 9.984057310262667e-01 5.644462998289514e-02 7.535561839339605e-01
6.534462849088983e-07 9.985174937109120e-01 5.443174398527788e-02 9.748932066667928e-01
3.662116904043200e-06 9.999753996339145e-01 7.014280219178264e-03 8.437214181745019e-01
6.402082677634681e-07 9.995116396092167e-01 3.124871654476765e-02 7.792088505850098e-01
4.057760704736177e-06 9.998653233794810e-01 1.641143209003881e-02 2.015950896461686e-01
1.160397363968713e-06 9.982055902481720e-01 5.987987639682006e-02 3.621567113380374e-01
5.717833093967629e-07 9.998615719463446e-01 1.663841774282103e-02 6.640417934949500e-01
9.970316233255582e-07 9.970118164728177e-01 7.724919296389081e-02 4.901489377714201e-01
2.566984353879097e-06 9.977004671291908e-01 6.777741430738134e-02 1.272264746679752e-01
2.848813633981663e-06 9.996607872203557e-01 2.604439467483949e-02 2.883162937483528e-01
1.511313001843137e-06 9.991731426144804e-01 4.065748489396713e-02 8.777168274962550e-01
2.297977962432791e-06 9.983102577434404e-01 5.810877114709618e-02 1.142750215200398e-01
3.792246138012798e-06 9.975108709676087e-01 7.051285203026936e-02 9.162177721618036e-01
5.783218725325778e-07 9.986942924761544e-01 5.108532250611095e-02 1.606254936262588e-01
9.160316868431736e-07 9.988100353138613e-01 4.877000467831948e-02 7.231711036142783e-01
5.527372283410424e-07 9.997735839724803e-01 2.127864635783533e-02 4.960430561698322e-01
7.472172785270801e-07 9.992632841608686e-01 3.837823508233652e-02 2.783208570027277e-01
2.436626241273781e-06 9.982693718578285e-01 5.880698266852853e-02 6.239696925831870e-01
2.461763579277269e-06 9.972365697498525e-01 7.429147968338974e-02 2.242378181707594e-01
3.521192118483449e-06 9.981473165088316e-01 6.084352509691095e-02 7.300687692413806e-01
1.718942530530775e-06 9.999990828569428e-01 1.354357882258072e-03 6.687796458721214e-01
5.889259838359122e-07 9.983702945734781e-01 5.706798501144404e-02 1.411819596108703e-01
3.894092246710837e-06 9.993619062380334e-01 3.571806770087126e-02 1.474402251875376e-01
2.917062060513888e-06 9.994058480447224e-01 3.446666351721935e-02 2.395148177572881e-01
8.625609904308211e-07 9.999793867908466e-01 6.420747106250887e-03 1.197190875952086e-01
1.488962122821566e-06 9.978142465697639e-01 6.608123290628312e-02 4.387914195986706e-01
4.896300367146462e-06 9.997957145391549e-01 2.021210501508060e-02 8.643408090895917e-01
2.343575895341440e-06 9.999139968528367e-01 1.311483502699606e-02 6.886810769025264e-01
3.184593909950513e-06 9.997395587621538e-01 2.282136380793236e-02 5.598083095234468e-01
1.217991591896292e-06 9.997121807826533e-01 2.399073977165814e-02 9.262561065745005e-01
1.289553510458004e-06 9.990205740937019e-01 4.424807947798662e-02 1.771086898761904e-01
1.638875735892150e-06 9.989203549792535e-01 4.645561761641062e-02 9.392575624383879e-01
8.316229187110585e-07 9.996158667730237e-01 2.771495797608957e-02 1.986473396201718e-01
2.683108346628972e-06 9.996090750133133e-01 2.795884745528870e-02 5.504830750917507e-01
1.424445178380818e-06 9.991453501464360e-01 4.133484342241674e-02 2.281269400870262e-01
1.957965480834493e-06 9.985648612996488e-01 5.355574458088513e-02 6.079706150454139e-01
9.488050463862638e-07 9.965054519908516e-01 8.352774480679140e-02 1.073454134998080e-01
7.008170757372681e-07 9.980860222503960e-01 6.184086180174072e-02 8.245184606648296e-01
1.339963210929858e-06 9.995664437215603e-01 2.944358310112204e-02 9.053393895978935e-01
1.085802238095126e-06 9.976160348838844e-01 6.900903522406654e-02 9.460518129042035e-01
2.785681353867016e-06 9.999685451027931e-01 7.931507107933316e-03 9.923063348521839e-01
2.713215824297218e-06 9.999979850764622e-01 2.007446889895354e-03 5.143383645425923e-01
2.230912918772787e-06 9.999894055386263e-01 4.603130511391738e-03 3.008895309192067e-01
6.814636310887313e-07 9.999379059772001e-01 1.114379602883106e-02 1.863684875007608e-01
5.202617414293150e-07 9.998085413517519e-01 1.956733604970615e-02 5.235851882243976e-01
1.608996083300186e-06 9.998290423496756e-01 1.849016154960818e-02 6.446846390893076e-01
9.047707511328991e-07 9.999998646726750e-01 5.202447804970693e-04 8.179138754950320e-01
4.339387262366512e-06 9.990854749485841e-01 4.275761624274706e-02 1.684333877634120e-01
4.779757251212503e-06 9.999818189200792e-01 6.030077055056042e-03 7.146543027239849e-01
8.701886022216502e-07 9.999565762251457e-01 9.319102107205839e-03 5.359729686889551e-01
2.956533879056717e-06 9.986071291787403e-01 5.276174327478846e-02 2.551903236919507e-01
3.816694383884159e-06 9.974445629665333e-01 7.144469055501210e-02 9.550406704730028e-01
1.850171075021847e-06 9.963991894123170e-01 8.478593832987634e-02 6.493381173607002e-01
3.592247858627720e-06 9.988715710041675e-01 4.749299569059160e-02 4.461843960526947e-01
4.436925173379170e-06 9.962348537102178e-01 8.669553767628888e-02 9.643251688302545e-01
1.581095200572101e-06 9.990031640001549e-01 4.463942559755504e-02 7.109593670873686e-01
2.545691715317873e-06 9.991176610841599e-01 4.199880128905804e-02 4.685369653609281e-01
1.667146766675654e-06 9.997579938633260e-01 2.199894784706240e-02 8.982608594892708e-01
5.281015626117395e-07 9.994593734734544e-01 3.287796794283616e-02 5.807782735017156e-01
1.240336095864040e-06 9.992101543387695e-01 3.973748188162519e-02 5.902213199289554e-01
1.925660102037094e-06 9.999931295267550e-01 3.706871900492850e-03 7.398891271661217e-01
1.465870927708029e-06 9.970601028839140e-01 7.662343790981163e-02 3.471350461734678e-01
1.106505082906874e-06 9.999942373657286e-01 3.394883699770867e-03 2.941121745022899e-01
4.181716076807424e-06 9.994288883643458e-01 3.379196802212052e-02 6.351159971130730e-01
3.099887435665197e-06 9.976559780619640e-01 6.842915633869709e-02 9.305882667478943e-01
3.259938787559202e-06 9.996566999403460e-01 2.620080655966435e-02 4.058499275835379e-01
1.125883296322815e-06 9.986617884468920e-01 5.171684731357085e-02 2.097917120614794e-01
1.788605901105374e-06 9.977614898780915e-01 6.687308364544793e-02 4.587174160756858e-01
3.370837441195177e-06 9.971385820372510e-01 7.559529226572553e-02 3.116937297438742e-01
4.110796950979333e-06 9.966979170630036e-01 8.119890468639379e-02 3.856884818123834e-01
2.165196873009796e-06 9.999347726104660e-01 1.142149396775580e-02 8.706781748005762e-01
7.727669282207637e-07 9.998852395877973e-01 1.514951004003469e-02 3.910441157797112e-01
2.077263115221305e-06 9.969347937933656e-01 7.823692813614014e-02 3.774735206789112e-01
6.123339054054376e-07 9.987669717920646e-01 4.964409388143949e-02 3.404909438160488e-01
